        line_srvc_cnt  bene_day_srvc_cnt  average_Medicare_allowed_amt  \
cluster                                                                   
0            80.564042          80.564042                     49.864006   
1            58.262644          33.171957                     88.727351   
2            72.081352          72.081352                     57.595214   
3           520.800000          25.000000                     28.557280   
4           156.438228          34.689977                     55.262495   
5            68.092966          41.581040                     81.834239   
6           358.548352          80.613187                     40.242444   
7          3728.561594          49.336957                      2.419232   
8            82.863281          36.429688                      3.420826   
9          3208.575059          70.992874                    143.383541   
10           71.270872          26.597403                     62.196591   
11         1953.826531          78.673469                      9.267636   
12         3665.704142          76.526627                     64.396017   
13         1318.402831          46.341055                     70.596555   
14          569.994012          49.395210                     37.372191   
15          671.260870         280.434783                    435.458037   

         average_submitted_chrg_amt  average_Medicare_payment_amt  \
cluster                                                             
0                         51.253866                     48.868475   
1                        145.434899                     83.484716   
2                         58.947056                     56.444052   
3                         77.283571                     23.061963   
4                        108.413473                     49.413720   
5                        131.979422                     79.196293   
6                        106.552535                     30.572705   
7                          7.958061                      1.780776   
8                         14.612904                      2.558603   
9                        274.523587                    110.398757   
10                       109.750296                     56.852250   
11                        31.568996                      7.204941   
12                       109.091361                     49.986665   
13                       187.590999                     56.576012   
14                       107.125752                     29.167085   
15                       688.065403                    338.381488   

         entity_code_I  entity_code_O  medicare_particip_Y  \
cluster                                                      
0              0.00000        1.00000                  1.0   
1              1.00000        0.00000                  1.0   
2              0.00000        1.00000                  1.0   
3              0.40000        0.60000                  1.0   
4              1.00000        0.00000                  1.0   
5              1.00000        0.00000                  1.0   
6              1.00000        0.00000                  1.0   
7              1.00000        0.00000                  1.0   
8              1.00000        0.00000                  1.0   
9              1.00000        0.00000                  1.0   
10             1.00000        0.00000                  1.0   
11             1.00000        0.00000                  1.0   
12             1.00000        0.00000                  1.0   
13             0.94852        0.05148                  1.0   
14             1.00000        0.00000                  1.0   
15             1.00000        0.00000                  1.0   

         place_of_service_F  place_of_service_O  nppes_credentials_doctor  \
cluster                                                                     
0                       0.0                 1.0                  0.000000   
1                       0.0                 1.0                  0.960935   
2                       0.0                 1.0                  0.000000   
3                       1.0                 0.0                  0.000000   
4                       0.0                 1.0                  0.002331   
5                       0.0                 1.0                  0.961468   
6                       0.0                 1.0                  0.982418   
7                       0.0                 1.0                  0.927536   
8                       0.0                 1.0                  0.000000   
9                       0.0                 1.0                  0.995249   
10                      0.0                 1.0                  0.000000   
11                      0.0                 1.0                  0.846939   
12                      0.0                 1.0                  0.970414   
13                      0.0                 1.0                  0.903475   
14                      0.0                 1.0                  0.880240   
15                      0.0                 1.0                  0.913043   

         nppes_credentials_other  provider_type_Cardiology  \
cluster                                                      
0                       1.000000                       0.0   
1                       0.039065                       0.0   
2                       1.000000                       0.0   
3                       1.000000                       0.0   
4                       0.997669                       0.0   
5                       0.038532                       0.0   
6                       0.017582                       0.0   
7                       0.072464                       0.0   
8                       1.000000                       0.0   
9                       0.004751                       0.0   
10                      1.000000                       0.0   
11                      0.153061                       0.0   
12                      0.029586                       0.0   
13                      0.096525                       0.0   
14                      0.119760                       1.0   
15                      0.086957                       0.0   

         provider_type_Centralized Flu  provider_type_Diagnostic Radiology  \
cluster                                                                      
0                                  1.0                                 0.0   
1                                  0.0                                 0.0   
2                                  0.0                                 0.0   
3                                  0.2                                 0.0   
4                                  0.0                                 0.0   
5                                  0.0                                 0.0   
6                                  0.0                                 0.0   
7                                  0.0                                 1.0   
8                                  0.0                                 0.0   
9                                  0.0                                 0.0   
10                                 0.0                                 0.0   
11                                 0.0                                 0.0   
12                                 0.0                                 0.0   
13                                 0.0                                 0.0   
14                                 0.0                                 0.0   
15                                 0.0                                 0.0   

         provider_type_Family Practice  provider_type_Hematology-Oncology  \
cluster                                                                     
0                             0.000000                           0.000000   
1                             0.996861                           0.003139   
2                             0.000000                           0.000000   
3                             0.000000                           0.000000   
4                             0.000000                           0.000000   
5                             0.000000                           0.000000   
6                             0.000000                           0.000000   
7                             0.000000                           0.000000   
8                             0.000000                           0.000000   
9                             0.007126                           0.988124   
10                            0.000000                           0.000000   
11                            0.000000                           0.000000   
12                            0.000000                           0.000000   
13                            0.000000                           0.000000   
14                            0.000000                           0.000000   
15                            0.000000                           0.000000   

         provider_type_Internal Medicine  \
cluster                                    
0                               0.000000   
1                               0.000000   
2                               0.000000   
3                               0.000000   
4                               0.000000   
5                               1.000000   
6                               0.000000   
7                               0.000000   
8                               0.000000   
9                               0.004751   
10                              0.000000   
11                              0.000000   
12                              0.000000   
13                              0.000000   
14                              0.000000   
15                              0.000000   

         provider_type_Mass Immunizer Roster Biller  \
cluster                                               
0                                               0.0   
1                                               0.0   
2                                               1.0   
3                                               0.0   
4                                               0.0   
5                                               0.0   
6                                               0.0   
7                                               0.0   
8                                               0.0   
9                                               0.0   
10                                              0.0   
11                                              0.0   
12                                              0.0   
13                                              0.0   
14                                              0.0   
15                                              0.0   

         provider_type_Nurse Practitioner  provider_type_Ophthalmology  \
cluster                                                                  
0                                     0.0                          0.0   
1                                     0.0                          0.0   
2                                     0.0                          0.0   
3                                     0.0                          0.0   
4                                     0.0                          0.0   
5                                     0.0                          0.0   
6                                     0.0                          0.0   
7                                     0.0                          0.0   
8                                     0.0                          0.0   
9                                     0.0                          0.0   
10                                    1.0                          0.0   
11                                    0.0                          0.0   
12                                    0.0                          0.0   
13                                    0.0                          0.0   
14                                    0.0                          0.0   
15                                    0.0                          1.0   

         provider_type_Orthopedic Surgery  provider_type_Other  \
cluster                                                          
0                                     0.0                  0.0   
1                                     0.0                  0.0   
2                                     0.0                  0.0   
3                                     0.0                  0.4   
4                                     0.0                  0.0   
5                                     0.0                  0.0   
6                                     1.0                  0.0   
7                                     0.0                  0.0   
8                                     0.0                  0.0   
9                                     0.0                  0.0   
10                                    0.0                  0.0   
11                                    0.0                  0.0   
12                                    0.0                  0.0   
13                                    0.0                  1.0   
14                                    0.0                  0.0   
15                                    0.0                  0.0   

         provider_type_Physical Medicine and Rehabilitation  \
cluster                                                       
0                                                      0.0    
1                                                      0.0    
2                                                      0.0    
3                                                      0.4    
4                                                      0.0    
5                                                      0.0    
6                                                      0.0    
7                                                      0.0    
8                                                      0.0    
9                                                      0.0    
10                                                     0.0    
11                                                     1.0    
12                                                     0.0    
13                                                     0.0    
14                                                     0.0    
15                                                     0.0    

         provider_type_Physician Assistant  provider_type_Podiatry  \
cluster                                                              
0                                      0.0                     0.0   
1                                      0.0                     0.0   
2                                      0.0                     0.0   
3                                      0.0                     0.0   
4                                      1.0                     0.0   
5                                      0.0                     0.0   
6                                      0.0                     0.0   
7                                      0.0                     0.0   
8                                      0.0                     1.0   
9                                      0.0                     0.0   
10                                     0.0                     0.0   
11                                     0.0                     0.0   
12                                     0.0                     0.0   
13                                     0.0                     0.0   
14                                     0.0                     0.0   
15                                     0.0                     0.0   

         provider_type_Rheumatology  
cluster                              
0                               0.0  
1                               0.0  
2                               0.0  
3                               0.0  
4                               0.0  
5                               0.0  
6                               0.0  
7                               0.0  
8                               0.0  
9                               0.0  
10                              0.0  
11                              0.0  
12                              1.0  
13                              0.0  
14                              0.0  
15                              0.0  